🔧 Initializing SharedDataInteractor...
📂 App group container path: /Users/danielraffel/Library/Developer/CoreSimulator/Devices/0C87F96A-1761-4373-9444-EE68ACA4D1C7/data/Containers/Shared/AppGroup/4A26A006-F98D-493C-8CFB-4358B94AFE12
✅ Preferences directory ensured at: /Users/danielraffel/Library/Developer/CoreSimulator/Devices/0C87F96A-1761-4373-9444-EE68ACA4D1C7/data/Containers/Shared/AppGroup/4A26A006-F98D-493C-8CFB-4358B94AFE12/Library/Preferences
✅ SharedDataInteractor initialized successfully
🔧 Initializing SharedDataInteractor...
📂 App group container path: /Users/danielraffel/Library/Developer/CoreSimulator/Devices/0C87F96A-1761-4373-9444-EE68ACA4D1C7/data/Containers/Shared/AppGroup/4A26A006-F98D-493C-8CFB-4358B94AFE12
✅ Preferences directory ensured at: /Users/danielraffel/Library/Developer/CoreSimulator/Devices/0C87F96A-1761-4373-9444-EE68ACA4D1C7/data/Containers/Shared/AppGroup/4A26A006-F98D-493C-8CFB-4358B94AFE12/Library/Preferences
✅ SharedDataInteractor initialized successfully
📋 Registered background task: generouscorp.ggb.backgroundRefresh
📱 App launching with group: group.genco
⌚️ WCSession activated
📂 App group container path: /Users/danielraffel/Library/Developer/CoreSimulator/Devices/0C87F96A-1761-4373-9444-EE68ACA4D1C7/data/Containers/Shared/AppGroup/4A26A006-F98D-493C-8CFB-4358B94AFE12
✅ WCSession activated: 2
Application context data is nil
WCSession counterpart app not installed
Application context data is nil
Error creating the CFMessagePort needed to communicate with PPT.
💉 InjectionIII connected /Users/danielraffel/Coding Projects/ggb-weather-swift/SS2/GGB Weather.xcodeproj
💉 Watching files under the directory /Users/danielraffel/Coding Projects/ggb-weather-swift
🔄 Initial data fetch starting...
🌤️ Starting weather data refresh...
Raw API Response: {"latitude":37.826817,"longitude":-122.50607,"generationtime_ms":0.09047985076904297,"utc_offset_seconds":-28800,"timezone":"America/Los_Angeles","timezone_abbreviation":"GMT-8","elevation":0.0,"hourly_units":{"time":"iso8601","temperature_2m":"°F","precipitation_probability":"%","cloud_cover":"%","wind_speed_10m":"mp/h"},"hourly":{"time":["2025-03-04T00:00","2025-03-04T01:00","2025-03-04T02:00","2025-03-04T03:00","2025-03-04T04:00","2025-03-04T05:00","2025-03-04T06:00","2025-03-04T07:00","2025-03-04T08:00","2025-03-04T09:00","2025-03-04T10:00","2025-03-04T11:00","2025-03-04T12:00","2025-03-04T13:00","2025-03-04T14:00","2025-03-04T15:00","2025-03-04T16:00","2025-03-04T17:00","2025-03-04T18:00","2025-03-04T19:00","2025-03-04T20:00","2025-03-04T21:00","2025-03-04T22:00","2025-03-04T23:00","2025-03-05T00:00","2025-03-05T01:00","2025-03-05T02:00","2025-03-05T03:00","2025-03-05T04:00","2025-03-05T05:00","2025-03-05T06:00","2025-03-05T07:00","2025-03-05T08:00","2025-03-05T09:00","2025-03-05T10:00","2025-03-05T11:00","2025-03-05T12:00","2025-03-05T13:00","2025-03-05T14:00","2025-03-05T15:00","2025-03-05T16:00","2025-03-05T17:00","2025-03-05T18:00","2025-03-05T19:00","2025-03-05T20:00","2025-03-05T21:00","2025-03-05T22:00","2025-03-05T23:00","2025-03-06T00:00","2025-03-06T01:00","2025-03-06T02:00","2025-03-06T03:00","2025-03-06T04:00","2025-03-06T05:00","2025-03-06T06:00","2025-03-06T07:00","2025-03-06T08:00","2025-03-06T09:00","2025-03-06T10:00","2025-03-06T11:00","2025-03-06T12:00","2025-03-06T13:00","2025-03-06T14:00","2025-03-06T15:00","2025-03-06T16:00","2025-03-06T17:00","2025-03-06T18:00","2025-03-06T19:00","2025-03-06T20:00","2025-03-06T21:00","2025-03-06T22:00","2025-03-06T23:00","2025-03-07T00:00","2025-03-07T01:00","2025-03-07T02:00","2025-03-07T03:00","2025-03-07T04:00","2025-03-07T05:00","2025-03-07T06:00","2025-03-07T07:00","2025-03-07T08:00","2025-03-07T09:00","2025-03-07T10:00","2025-03-07T11:00","2025-03-07T12:00","2025-03-07T13:00","2025-03-07T14:00","2025-03-07T15:00","2025-03-07T16:00","2025-03-07T17:00","2025-03-07T18:00","2025-03-07T19:00","2025-03-07T20:00","2025-03-07T21:00","2025-03-07T22:00","2025-03-07T23:00","2025-03-08T00:00","2025-03-08T01:00","2025-03-08T02:00","2025-03-08T03:00","2025-03-08T04:00","2025-03-08T05:00","2025-03-08T06:00","2025-03-08T07:00","2025-03-08T08:00","2025-03-08T09:00","2025-03-08T10:00","2025-03-08T11:00","2025-03-08T12:00","2025-03-08T13:00","2025-03-08T14:00","2025-03-08T15:00","2025-03-08T16:00","2025-03-08T17:00","2025-03-08T18:00","2025-03-08T19:00","2025-03-08T20:00","2025-03-08T21:00","2025-03-08T22:00","2025-03-08T23:00","2025-03-09T00:00","2025-03-09T01:00","2025-03-09T02:00","2025-03-09T03:00","2025-03-09T04:00","2025-03-09T05:00","2025-03-09T06:00","2025-03-09T07:00","2025-03-09T08:00","2025-03-09T09:00","2025-03-09T10:00","2025-03-09T11:00","2025-03-09T12:00","2025-03-09T13:00","2025-03-09T14:00","2025-03-09T15:00","2025-03-09T16:00","2025-03-09T17:00","2025-03-09T18:00","2025-03-09T19:00","2025-03-09T20:00","2025-03-09T21:00","2025-03-09T22:00","2025-03-09T23:00","2025-03-10T00:00","2025-03-10T01:00","2025-03-10T02:00","2025-03-10T03:00","2025-03-10T04:00","2025-03-10T05:00","2025-03-10T06:00","2025-03-10T07:00","2025-03-10T08:00","2025-03-10T09:00","2025-03-10T10:00","2025-03-10T11:00","2025-03-10T12:00","2025-03-10T13:00","2025-03-10T14:00","2025-03-10T15:00","2025-03-10T16:00","2025-03-10T17:00","2025-03-10T18:00","2025-03-10T19:00","2025-03-10T20:00","2025-03-10T21:00","2025-03-10T22:00","2025-03-10T23:00"],"temperature_2m":[49.2,47.9,48.2,48.4,47.8,48.1,49.7,48.5,49.7,52.1,52.2,53.2,54.2,55.1,55.5,56.1,56.1,54.7,52.4,50.9,50.8,50.7,50.2,50.7,51.0,51.2,50.9,50.7,50.3,50.4,49.6,50.3,51.1,51.4,51.9,51.9,53.0,53.6,53.0,52.2,51.5,50.7,47.5,47.4,47.4,45.7,44.6,45.6,45.1,44.7,44.4,44.4,44.1,43.5,43.5,44.1,46.9,45.8,48.3,52.5,53.0,53.4,53.8,53.4,52.7,52.1,51.2,51.2,50.7,50.0,49.1,48.6,48.2,47.8,47.4,46.9,46.2,45.7,45.1,45.1,47.3,50.0,52.5,54.8,56.6,57.9,57.9,56.8,55.2,53.4,52.0,51.4,50.9,50.7,50.2,49.7,49.3,48.8,48.4,47.9,47.6,47.3,46.7,46.9,49.4,52.5,55.2,58.3,61.1,63.1,64.2,63.8,62.8,61.3,58.6,56.9,55.9,55.2,54.4,53.6,52.9,52.2,51.6,51.1,50.5,49.7,49.0,49.3,51.3,54.5,57.5,60.4,63.2,64.9,64.8,63.7,62.3,60.9,59.2,57.7,56.6,55.7,55.0,54.3,53.8,53.2,52.8,52.3,52.0,51.7,51.5,51.1,50.2,49.2,48.5,48.7,49.4,50.1,50.6,51.1,51.4,51.3,51.0,50.5,50.0,49.3,48.7,48.3],"precipitation_probability":[0,1,1,1,1,1,1,2,3,6,5,6,3,2,1,1,0,0,0,0,0,0,1,2,3,4,6,7,15,33,30,17,18,19,18,14,9,6,3,2,2,3,7,11,15,17,7,7,6,6,59,59,59,46,46,46,46,46,46,40,40,40,40,40,40,12,12,12,12,12,12,1,1,1,1,1,1,0,0,0,0,0,0,0,0,0,0,0,0,0,0,0,0,0,0,0,0,0,0,0,0,0,0,0,0,0,0,0,0,0,0,0,0,0,0,0,0,0,0,0,0,0,0,0,0,0,0,0,0,0,0,2,2,2,2,2,2,9,9,9,9,9,9,31,31,31,31,31,31,54,54,54,54,54,54,68,68,68,68,68,68,70,70,70,70,70,70,64],"cloud_cover":[100,100,100,50,100,100,100,87,98,91,100,100,95,95,96,100,100,100,100,77,100,100,100,100,100,100,100,100,100,100,100,100,100,100,100,100,100,3,4,3,3,33,100,100,100,100,100,100,100,100,100,100,69,100,100,49,100,100,100,14,13,12,11,14,41,18,7,0,5,0,6,5,11,0,0,0,0,0,0,0,0,0,0,0,0,0,0,0,0,0,0,0,0,0,0,0,0,0,0,0,0,20,77,100,71,23,30,80,100,71,13,6,10,5,0,0,5,0,0,0,0,0,5,6,6,6,6,6,25,45,64,62,60,58,62,65,69,79,90,100,100,100,100,100,100,100,100,100,100,100,100,100,100,100,100,100,100,100,100,100,100,100,100,100,93,86,79,80],"wind_speed_10m":[8.3,6.6,8.1,5.4,3.2,5.3,4.4,2.4,4.5,4.6,2.8,0.5,2.4,1.6,2.9,4.7,1.4,4.1,4.7,5.0,4.0,2.6,2.4,1.8,3.2,4.0,3.0,1.4,3.4,4.0,2.9,5.2,5.7,10.3,5.7,10.5,14.9,19.1,20.8,23.2,22.3,18.6,17.2,16.5,14.1,18.8,16.2,13.6,15.0,14.6,20.0,18.4,18.2,13.2,9.2,10.6,9.6,15.6,8.8,14.1,15.2,16.1,17.4,17.8,16.8,13.8,9.0,6.1,4.5,4.1,2.9,2.2,2.7,2.5,4.1,4.9,4.6,3.1,2.8,3.6,3.4,4.7,4.1,4.3,5.5,7.2,8.3,9.1,9.7,9.6,9.6,7.7,7.1,5.3,4.4,2.9,1.4,2.7,3.4,3.7,2.5,2.7,4.5,4.7,4.7,5.2,4.5,3.6,1.5,1.6,3.1,5.1,5.9,5.7,4.0,2.6,1.9,1.3,1.1,1.8,1.7,2.6,3.4,3.1,3.4,3.6,4.1,4.0,3.8,3.2,2.2,3.3,7.2,10.5,11.7,11.7,11.5,10.6,9.6,8.3,6.8,5.1,3.5,2.4,1.8,2.2,2.8,3.4,4.3,5.8,7.0,7.9,7.4,7.0,7.4,7.6,8.6,10.3,11.6,12.5,12.8,12.1,10.5,9.1,7.8,6.5,5.5,4.6]}}
❌ Failed to refresh weather data: The data couldn’t be read because it isn’t in the correct format.
⏱️ Skipping background refresh schedule while app is active
🔄 Requested widget timeline refresh
Raw API Response: {"latitude":37.826817,"longitude":-122.50607,"generationtime_ms":0.08296966552734375,"utc_offset_seconds":-28800,"timezone":"America/Los_Angeles","timezone_abbreviation":"GMT-8","elevation":0.0,"hourly_units":{"time":"iso8601","temperature_2m":"°F","precipitation_probability":"%","cloud_cover":"%","wind_speed_10m":"mp/h"},"hourly":{"time":["2025-03-04T00:00","2025-03-04T01:00","2025-03-04T02:00","2025-03-04T03:00","2025-03-04T04:00","2025-03-04T05:00","2025-03-04T06:00","2025-03-04T07:00","2025-03-04T08:00","2025-03-04T09:00","2025-03-04T10:00","2025-03-04T11:00","2025-03-04T12:00","2025-03-04T13:00","2025-03-04T14:00","2025-03-04T15:00","2025-03-04T16:00","2025-03-04T17:00","2025-03-04T18:00","2025-03-04T19:00","2025-03-04T20:00","2025-03-04T21:00","2025-03-04T22:00","2025-03-04T23:00","2025-03-05T00:00","2025-03-05T01:00","2025-03-05T02:00","2025-03-05T03:00","2025-03-05T04:00","2025-03-05T05:00","2025-03-05T06:00","2025-03-05T07:00","2025-03-05T08:00","2025-03-05T09:00","2025-03-05T10:00","2025-03-05T11:00","2025-03-05T12:00","2025-03-05T13:00","2025-03-05T14:00","2025-03-05T15:00","2025-03-05T16:00","2025-03-05T17:00","2025-03-05T18:00","2025-03-05T19:00","2025-03-05T20:00","2025-03-05T21:00","2025-03-05T22:00","2025-03-05T23:00","2025-03-06T00:00","2025-03-06T01:00","2025-03-06T02:00","2025-03-06T03:00","2025-03-06T04:00","2025-03-06T05:00","2025-03-06T06:00","2025-03-06T07:00","2025-03-06T08:00","2025-03-06T09:00","2025-03-06T10:00","2025-03-06T11:00","2025-03-06T12:00","2025-03-06T13:00","2025-03-06T14:00","2025-03-06T15:00","2025-03-06T16:00","2025-03-06T17:00","2025-03-06T18:00","2025-03-06T19:00","2025-03-06T20:00","2025-03-06T21:00","2025-03-06T22:00","2025-03-06T23:00","2025-03-07T00:00","2025-03-07T01:00","2025-03-07T02:00","2025-03-07T03:00","2025-03-07T04:00","2025-03-07T05:00","2025-03-07T06:00","2025-03-07T07:00","2025-03-07T08:00","2025-03-07T09:00","2025-03-07T10:00","2025-03-07T11:00","2025-03-07T12:00","2025-03-07T13:00","2025-03-07T14:00","2025-03-07T15:00","2025-03-07T16:00","2025-03-07T17:00","2025-03-07T18:00","2025-03-07T19:00","2025-03-07T20:00","2025-03-07T21:00","2025-03-07T22:00","2025-03-07T23:00","2025-03-08T00:00","2025-03-08T01:00","2025-03-08T02:00","2025-03-08T03:00","2025-03-08T04:00","2025-03-08T05:00","2025-03-08T06:00","2025-03-08T07:00","2025-03-08T08:00","2025-03-08T09:00","2025-03-08T10:00","2025-03-08T11:00","2025-03-08T12:00","2025-03-08T13:00","2025-03-08T14:00","2025-03-08T15:00","2025-03-08T16:00","2025-03-08T17:00","2025-03-08T18:00","2025-03-08T19:00","2025-03-08T20:00","2025-03-08T21:00","2025-03-08T22:00","2025-03-08T23:00","2025-03-09T00:00","2025-03-09T01:00","2025-03-09T02:00","2025-03-09T03:00","2025-03-09T04:00","2025-03-09T05:00","2025-03-09T06:00","2025-03-09T07:00","2025-03-09T08:00","2025-03-09T09:00","2025-03-09T10:00","2025-03-09T11:00","2025-03-09T12:00","2025-03-09T13:00","2025-03-09T14:00","2025-03-09T15:00","2025-03-09T16:00","2025-03-09T17:00","2025-03-09T18:00","2025-03-09T19:00","2025-03-09T20:00","2025-03-09T21:00","2025-03-09T22:00","2025-03-09T23:00","2025-03-10T00:00","2025-03-10T01:00","2025-03-10T02:00","2025-03-10T03:00","2025-03-10T04:00","2025-03-10T05:00","2025-03-10T06:00","2025-03-10T07:00","2025-03-10T08:00","2025-03-10T09:00","2025-03-10T10:00","2025-03-10T11:00","2025-03-10T12:00","2025-03-10T13:00","2025-03-10T14:00","2025-03-10T15:00","2025-03-10T16:00","2025-03-10T17:00","2025-03-10T18:00","2025-03-10T19:00","2025-03-10T20:00","2025-03-10T21:00","2025-03-10T22:00","2025-03-10T23:00"],"temperature_2m":[49.2,47.9,48.2,48.4,47.8,48.1,49.7,48.5,49.7,52.1,52.2,53.2,54.2,55.1,55.5,56.1,56.1,54.7,52.4,50.9,50.8,50.7,50.2,50.7,51.0,51.2,50.9,50.7,50.3,50.4,49.6,50.3,51.1,51.4,51.9,51.9,53.0,53.6,53.0,52.2,51.5,50.7,47.5,47.4,47.4,45.7,44.6,45.6,45.1,44.7,44.4,44.4,44.1,43.5,43.5,44.1,46.9,45.8,48.3,52.5,53.0,53.4,53.8,53.4,52.7,52.1,51.2,51.2,50.7,50.0,49.1,48.6,48.2,47.8,47.4,46.9,46.2,45.7,45.1,45.1,47.3,50.0,52.5,54.8,56.6,57.9,57.9,56.8,55.2,53.4,52.0,51.4,50.9,50.7,50.2,49.7,49.3,48.8,48.4,47.9,47.6,47.3,46.7,46.9,49.4,52.5,55.2,58.3,61.1,63.1,64.2,63.8,62.8,61.3,58.6,56.9,55.9,55.2,54.4,53.6,52.9,52.2,51.6,51.1,50.5,49.7,49.0,49.3,51.3,54.5,57.5,60.4,63.2,64.9,64.8,63.7,62.3,60.9,59.2,57.7,56.6,55.7,55.0,54.3,53.8,53.2,52.8,52.3,52.0,51.7,51.5,51.1,50.2,49.2,48.5,48.7,49.4,50.1,50.6,51.1,51.4,51.3,51.0,50.5,50.0,49.3,48.7,48.3],"precipitation_probability":[0,1,1,1,1,1,1,2,3,6,5,6,3,2,1,1,0,0,0,0,0,0,1,2,3,4,6,7,15,33,30,17,18,19,18,14,9,6,3,2,2,3,7,11,15,17,7,7,6,6,59,59,59,46,46,46,46,46,46,40,40,40,40,40,40,12,12,12,12,12,12,1,1,1,1,1,1,0,0,0,0,0,0,0,0,0,0,0,0,0,0,0,0,0,0,0,0,0,0,0,0,0,0,0,0,0,0,0,0,0,0,0,0,0,0,0,0,0,0,0,0,0,0,0,0,0,0,0,0,0,0,2,2,2,2,2,2,9,9,9,9,9,9,31,31,31,31,31,31,54,54,54,54,54,54,68,68,68,68,68,68,70,70,70,70,70,70,64],"cloud_cover":[100,100,100,50,100,100,100,87,98,91,100,100,95,95,96,100,100,100,100,77,100,100,100,100,100,100,100,100,100,100,100,100,100,100,100,100,100,3,4,3,3,33,100,100,100,100,100,100,100,100,100,100,69,100,100,49,100,100,100,14,13,12,11,14,41,18,7,0,5,0,6,5,11,0,0,0,0,0,0,0,0,0,0,0,0,0,0,0,0,0,0,0,0,0,0,0,0,0,0,0,0,20,77,100,71,23,30,80,100,71,13,6,10,5,0,0,5,0,0,0,0,0,5,6,6,6,6,6,25,45,64,62,60,58,62,65,69,79,90,100,100,100,100,100,100,100,100,100,100,100,100,100,100,100,100,100,100,100,100,100,100,100,100,100,93,86,79,80],"wind_speed_10m":[8.3,6.6,8.1,5.4,3.2,5.3,4.4,2.4,4.5,4.6,2.8,0.5,2.4,1.6,2.9,4.7,1.4,4.1,4.7,5.0,4.0,2.6,2.4,1.8,3.2,4.0,3.0,1.4,3.4,4.0,2.9,5.2,5.7,10.3,5.7,10.5,14.9,19.1,20.8,23.2,22.3,18.6,17.2,16.5,14.1,18.8,16.2,13.6,15.0,14.6,20.0,18.4,18.2,13.2,9.2,10.6,9.6,15.6,8.8,14.1,15.2,16.1,17.4,17.8,16.8,13.8,9.0,6.1,4.5,4.1,2.9,2.2,2.7,2.5,4.1,4.9,4.6,3.1,2.8,3.6,3.4,4.7,4.1,4.3,5.5,7.2,8.3,9.1,9.7,9.6,9.6,7.7,7.1,5.3,4.4,2.9,1.4,2.7,3.4,3.7,2.5,2.7,4.5,4.7,4.7,5.2,4.5,3.6,1.5,1.6,3.1,5.1,5.9,5.7,4.0,2.6,1.9,1.3,1.1,1.8,1.7,2.6,3.4,3.1,3.4,3.6,4.1,4.0,3.8,3.2,2.2,3.3,7.2,10.5,11.7,11.7,11.5,10.6,9.6,8.3,6.8,5.1,3.5,2.4,1.8,2.2,2.8,3.4,4.3,5.8,7.0,7.9,7.4,7.0,7.4,7.6,8.6,10.3,11.6,12.5,12.8,12.1,10.5,9.1,7.8,6.5,5.5,4.6]}}
Raw API Response: {"latitude":37.826817,"longitude":-122.50607,"generationtime_ms":0.06711483001708984,"utc_offset_seconds":-28800,"timezone":"America/Los_Angeles","timezone_abbreviation":"GMT-8","elevation":0.0,"hourly_units":{"time":"iso8601","temperature_2m":"°F","precipitation_probability":"%","cloud_cover":"%","wind_speed_10m":"mp/h"},"hourly":{"time":["2025-03-04T00:00","2025-03-04T01:00","2025-03-04T02:00","2025-03-04T03:00","2025-03-04T04:00","2025-03-04T05:00","2025-03-04T06:00","2025-03-04T07:00","2025-03-04T08:00","2025-03-04T09:00","2025-03-04T10:00","2025-03-04T11:00","2025-03-04T12:00","2025-03-04T13:00","2025-03-04T14:00","2025-03-04T15:00","2025-03-04T16:00","2025-03-04T17:00","2025-03-04T18:00","2025-03-04T19:00","2025-03-04T20:00","2025-03-04T21:00","2025-03-04T22:00","2025-03-04T23:00","2025-03-05T00:00","2025-03-05T01:00","2025-03-05T02:00","2025-03-05T03:00","2025-03-05T04:00","2025-03-05T05:00","2025-03-05T06:00","2025-03-05T07:00","2025-03-05T08:00","2025-03-05T09:00","2025-03-05T10:00","2025-03-05T11:00","2025-03-05T12:00","2025-03-05T13:00","2025-03-05T14:00","2025-03-05T15:00","2025-03-05T16:00","2025-03-05T17:00","2025-03-05T18:00","2025-03-05T19:00","2025-03-05T20:00","2025-03-05T21:00","2025-03-05T22:00","2025-03-05T23:00","2025-03-06T00:00","2025-03-06T01:00","2025-03-06T02:00","2025-03-06T03:00","2025-03-06T04:00","2025-03-06T05:00","2025-03-06T06:00","2025-03-06T07:00","2025-03-06T08:00","2025-03-06T09:00","2025-03-06T10:00","2025-03-06T11:00","2025-03-06T12:00","2025-03-06T13:00","2025-03-06T14:00","2025-03-06T15:00","2025-03-06T16:00","2025-03-06T17:00","2025-03-06T18:00","2025-03-06T19:00","2025-03-06T20:00","2025-03-06T21:00","2025-03-06T22:00","2025-03-06T23:00","2025-03-07T00:00","2025-03-07T01:00","2025-03-07T02:00","2025-03-07T03:00","2025-03-07T04:00","2025-03-07T05:00","2025-03-07T06:00","2025-03-07T07:00","2025-03-07T08:00","2025-03-07T09:00","2025-03-07T10:00","2025-03-07T11:00","2025-03-07T12:00","2025-03-07T13:00","2025-03-07T14:00","2025-03-07T15:00","2025-03-07T16:00","2025-03-07T17:00","2025-03-07T18:00","2025-03-07T19:00","2025-03-07T20:00","2025-03-07T21:00","2025-03-07T22:00","2025-03-07T23:00","2025-03-08T00:00","2025-03-08T01:00","2025-03-08T02:00","2025-03-08T03:00","2025-03-08T04:00","2025-03-08T05:00","2025-03-08T06:00","2025-03-08T07:00","2025-03-08T08:00","2025-03-08T09:00","2025-03-08T10:00","2025-03-08T11:00","2025-03-08T12:00","2025-03-08T13:00","2025-03-08T14:00","2025-03-08T15:00","2025-03-08T16:00","2025-03-08T17:00","2025-03-08T18:00","2025-03-08T19:00","2025-03-08T20:00","2025-03-08T21:00","2025-03-08T22:00","2025-03-08T23:00","2025-03-09T00:00","2025-03-09T01:00","2025-03-09T02:00","2025-03-09T03:00","2025-03-09T04:00","2025-03-09T05:00","2025-03-09T06:00","2025-03-09T07:00","2025-03-09T08:00","2025-03-09T09:00","2025-03-09T10:00","2025-03-09T11:00","2025-03-09T12:00","2025-03-09T13:00","2025-03-09T14:00","2025-03-09T15:00","2025-03-09T16:00","2025-03-09T17:00","2025-03-09T18:00","2025-03-09T19:00","2025-03-09T20:00","2025-03-09T21:00","2025-03-09T22:00","2025-03-09T23:00","2025-03-10T00:00","2025-03-10T01:00","2025-03-10T02:00","2025-03-10T03:00","2025-03-10T04:00","2025-03-10T05:00","2025-03-10T06:00","2025-03-10T07:00","2025-03-10T08:00","2025-03-10T09:00","2025-03-10T10:00","2025-03-10T11:00","2025-03-10T12:00","2025-03-10T13:00","2025-03-10T14:00","2025-03-10T15:00","2025-03-10T16:00","2025-03-10T17:00","2025-03-10T18:00","2025-03-10T19:00","2025-03-10T20:00","2025-03-10T21:00","2025-03-10T22:00","2025-03-10T23:00"],"temperature_2m":[49.2,47.9,48.2,48.4,47.8,48.1,49.7,48.5,49.7,52.1,52.2,53.2,54.2,55.1,55.5,56.1,56.1,54.7,52.4,50.9,50.8,50.7,50.2,50.7,51.0,51.2,50.9,50.7,50.3,50.4,49.6,50.3,51.1,51.4,51.9,51.9,53.0,53.6,53.0,52.2,51.5,50.7,47.5,47.4,47.4,45.7,44.6,45.6,45.1,44.7,44.4,44.4,44.1,43.5,43.5,44.1,46.9,45.8,48.3,52.5,53.0,53.4,53.8,53.4,52.7,52.1,51.2,51.2,50.7,50.0,49.1,48.6,48.2,47.8,47.4,46.9,46.2,45.7,45.1,45.1,47.3,50.0,52.5,54.8,56.6,57.9,57.9,56.8,55.2,53.4,52.0,51.4,50.9,50.7,50.2,49.7,49.3,48.8,48.4,47.9,47.6,47.3,46.7,46.9,49.4,52.5,55.2,58.3,61.1,63.1,64.2,63.8,62.8,61.3,58.6,56.9,55.9,55.2,54.4,53.6,52.9,52.2,51.6,51.1,50.5,49.7,49.0,49.3,51.3,54.5,57.5,60.4,63.2,64.9,64.8,63.7,62.3,60.9,59.2,57.7,56.6,55.7,55.0,54.3,53.8,53.2,52.8,52.3,52.0,51.7,51.5,51.1,50.2,49.2,48.5,48.7,49.4,50.1,50.6,51.1,51.4,51.3,51.0,50.5,50.0,49.3,48.7,48.3],"precipitation_probability":[0,1,1,1,1,1,1,2,3,6,5,6,3,2,1,1,0,0,0,0,0,0,1,2,3,4,6,7,15,33,30,17,18,19,18,14,9,6,3,2,2,3,7,11,15,17,7,7,6,6,59,59,59,46,46,46,46,46,46,40,40,40,40,40,40,12,12,12,12,12,12,1,1,1,1,1,1,0,0,0,0,0,0,0,0,0,0,0,0,0,0,0,0,0,0,0,0,0,0,0,0,0,0,0,0,0,0,0,0,0,0,0,0,0,0,0,0,0,0,0,0,0,0,0,0,0,0,0,0,0,0,2,2,2,2,2,2,9,9,9,9,9,9,31,31,31,31,31,31,54,54,54,54,54,54,68,68,68,68,68,68,70,70,70,70,70,70,64],"cloud_cover":[100,100,100,50,100,100,100,87,98,91,100,100,95,95,96,100,100,100,100,77,100,100,100,100,100,100,100,100,100,100,100,100,100,100,100,100,100,3,4,3,3,33,100,100,100,100,100,100,100,100,100,100,69,100,100,49,100,100,100,14,13,12,11,14,41,18,7,0,5,0,6,5,11,0,0,0,0,0,0,0,0,0,0,0,0,0,0,0,0,0,0,0,0,0,0,0,0,0,0,0,0,20,77,100,71,23,30,80,100,71,13,6,10,5,0,0,5,0,0,0,0,0,5,6,6,6,6,6,25,45,64,62,60,58,62,65,69,79,90,100,100,100,100,100,100,100,100,100,100,100,100,100,100,100,100,100,100,100,100,100,100,100,100,100,93,86,79,80],"wind_speed_10m":[8.3,6.6,8.1,5.4,3.2,5.3,4.4,2.4,4.5,4.6,2.8,0.5,2.4,1.6,2.9,4.7,1.4,4.1,4.7,5.0,4.0,2.6,2.4,1.8,3.2,4.0,3.0,1.4,3.4,4.0,2.9,5.2,5.7,10.3,5.7,10.5,14.9,19.1,20.8,23.2,22.3,18.6,17.2,16.5,14.1,18.8,16.2,13.6,15.0,14.6,20.0,18.4,18.2,13.2,9.2,10.6,9.6,15.6,8.8,14.1,15.2,16.1,17.4,17.8,16.8,13.8,9.0,6.1,4.5,4.1,2.9,2.2,2.7,2.5,4.1,4.9,4.6,3.1,2.8,3.6,3.4,4.7,4.1,4.3,5.5,7.2,8.3,9.1,9.7,9.6,9.6,7.7,7.1,5.3,4.4,2.9,1.4,2.7,3.4,3.7,2.5,2.7,4.5,4.7,4.7,5.2,4.5,3.6,1.5,1.6,3.1,5.1,5.9,5.7,4.0,2.6,1.9,1.3,1.1,1.8,1.7,2.6,3.4,3.1,3.4,3.6,4.1,4.0,3.8,3.2,2.2,3.3,7.2,10.5,11.7,11.7,11.5,10.6,9.6,8.3,6.8,5.1,3.5,2.4,1.8,2.2,2.8,3.4,4.3,5.8,7.0,7.9,7.4,7.0,7.4,7.6,8.6,10.3,11.6,12.5,12.8,12.1,10.5,9.1,7.8,6.5,5.5,4.6]}}
Raw API Response: {"latitude":37.826817,"longitude":-122.50607,"generationtime_ms":0.11074542999267578,"utc_offset_seconds":-28800,"timezone":"America/Los_Angeles","timezone_abbreviation":"GMT-8","elevation":0.0,"hourly_units":{"time":"iso8601","temperature_2m":"°F","precipitation_probability":"%","cloud_cover":"%","wind_speed_10m":"mp/h"},"hourly":{"time":["2025-03-04T00:00","2025-03-04T01:00","2025-03-04T02:00","2025-03-04T03:00","2025-03-04T04:00","2025-03-04T05:00","2025-03-04T06:00","2025-03-04T07:00","2025-03-04T08:00","2025-03-04T09:00","2025-03-04T10:00","2025-03-04T11:00","2025-03-04T12:00","2025-03-04T13:00","2025-03-04T14:00","2025-03-04T15:00","2025-03-04T16:00","2025-03-04T17:00","2025-03-04T18:00","2025-03-04T19:00","2025-03-04T20:00","2025-03-04T21:00","2025-03-04T22:00","2025-03-04T23:00","2025-03-05T00:00","2025-03-05T01:00","2025-03-05T02:00","2025-03-05T03:00","2025-03-05T04:00","2025-03-05T05:00","2025-03-05T06:00","2025-03-05T07:00","2025-03-05T08:00","2025-03-05T09:00","2025-03-05T10:00","2025-03-05T11:00","2025-03-05T12:00","2025-03-05T13:00","2025-03-05T14:00","2025-03-05T15:00","2025-03-05T16:00","2025-03-05T17:00","2025-03-05T18:00","2025-03-05T19:00","2025-03-05T20:00","2025-03-05T21:00","2025-03-05T22:00","2025-03-05T23:00","2025-03-06T00:00","2025-03-06T01:00","2025-03-06T02:00","2025-03-06T03:00","2025-03-06T04:00","2025-03-06T05:00","2025-03-06T06:00","2025-03-06T07:00","2025-03-06T08:00","2025-03-06T09:00","2025-03-06T10:00","2025-03-06T11:00","2025-03-06T12:00","2025-03-06T13:00","2025-03-06T14:00","2025-03-06T15:00","2025-03-06T16:00","2025-03-06T17:00","2025-03-06T18:00","2025-03-06T19:00","2025-03-06T20:00","2025-03-06T21:00","2025-03-06T22:00","2025-03-06T23:00","2025-03-07T00:00","2025-03-07T01:00","2025-03-07T02:00","2025-03-07T03:00","2025-03-07T04:00","2025-03-07T05:00","2025-03-07T06:00","2025-03-07T07:00","2025-03-07T08:00","2025-03-07T09:00","2025-03-07T10:00","2025-03-07T11:00","2025-03-07T12:00","2025-03-07T13:00","2025-03-07T14:00","2025-03-07T15:00","2025-03-07T16:00","2025-03-07T17:00","2025-03-07T18:00","2025-03-07T19:00","2025-03-07T20:00","2025-03-07T21:00","2025-03-07T22:00","2025-03-07T23:00","2025-03-08T00:00","2025-03-08T01:00","2025-03-08T02:00","2025-03-08T03:00","2025-03-08T04:00","2025-03-08T05:00","2025-03-08T06:00","2025-03-08T07:00","2025-03-08T08:00","2025-03-08T09:00","2025-03-08T10:00","2025-03-08T11:00","2025-03-08T12:00","2025-03-08T13:00","2025-03-08T14:00","2025-03-08T15:00","2025-03-08T16:00","2025-03-08T17:00","2025-03-08T18:00","2025-03-08T19:00","2025-03-08T20:00","2025-03-08T21:00","2025-03-08T22:00","2025-03-08T23:00","2025-03-09T00:00","2025-03-09T01:00","2025-03-09T02:00","2025-03-09T03:00","2025-03-09T04:00","2025-03-09T05:00","2025-03-09T06:00","2025-03-09T07:00","2025-03-09T08:00","2025-03-09T09:00","2025-03-09T10:00","2025-03-09T11:00","2025-03-09T12:00","2025-03-09T13:00","2025-03-09T14:00","2025-03-09T15:00","2025-03-09T16:00","2025-03-09T17:00","2025-03-09T18:00","2025-03-09T19:00","2025-03-09T20:00","2025-03-09T21:00","2025-03-09T22:00","2025-03-09T23:00","2025-03-10T00:00","2025-03-10T01:00","2025-03-10T02:00","2025-03-10T03:00","2025-03-10T04:00","2025-03-10T05:00","2025-03-10T06:00","2025-03-10T07:00","2025-03-10T08:00","2025-03-10T09:00","2025-03-10T10:00","2025-03-10T11:00","2025-03-10T12:00","2025-03-10T13:00","2025-03-10T14:00","2025-03-10T15:00","2025-03-10T16:00","2025-03-10T17:00","2025-03-10T18:00","2025-03-10T19:00","2025-03-10T20:00","2025-03-10T21:00","2025-03-10T22:00","2025-03-10T23:00"],"temperature_2m":[49.2,47.9,48.2,48.4,47.8,48.1,49.7,48.5,49.7,52.1,52.2,53.2,54.2,55.1,55.5,56.1,56.1,54.7,52.4,50.9,50.8,50.7,50.2,50.7,51.0,51.2,50.9,50.7,50.3,50.4,49.6,50.3,51.1,51.4,51.9,51.9,53.0,53.6,53.0,52.2,51.5,50.7,47.5,47.4,47.4,45.7,44.6,45.6,45.1,44.7,44.4,44.4,44.1,43.5,43.5,44.1,46.9,45.8,48.3,52.5,53.0,53.4,53.8,53.4,52.7,52.1,51.2,51.2,50.7,50.0,49.1,48.6,48.2,47.8,47.4,46.9,46.2,45.7,45.1,45.1,47.3,50.0,52.5,54.8,56.6,57.9,57.9,56.8,55.2,53.4,52.0,51.4,50.9,50.7,50.2,49.7,49.3,48.8,48.4,47.9,47.6,47.3,46.7,46.9,49.4,52.5,55.2,58.3,61.1,63.1,64.2,63.8,62.8,61.3,58.6,56.9,55.9,55.2,54.4,53.6,52.9,52.2,51.6,51.1,50.5,49.7,49.0,49.3,51.3,54.5,57.5,60.4,63.2,64.9,64.8,63.7,62.3,60.9,59.2,57.7,56.6,55.7,55.0,54.3,53.8,53.2,52.8,52.3,52.0,51.7,51.5,51.1,50.2,49.2,48.5,48.7,49.4,50.1,50.6,51.1,51.4,51.3,51.0,50.5,50.0,49.3,48.7,48.3],"precipitation_probability":[0,1,1,1,1,1,1,2,3,6,5,6,3,2,1,1,0,0,0,0,0,0,1,2,3,4,6,7,15,33,30,17,18,19,18,14,9,6,3,2,2,3,7,11,15,17,7,7,6,6,59,59,59,46,46,46,46,46,46,40,40,40,40,40,40,12,12,12,12,12,12,1,1,1,1,1,1,0,0,0,0,0,0,0,0,0,0,0,0,0,0,0,0,0,0,0,0,0,0,0,0,0,0,0,0,0,0,0,0,0,0,0,0,0,0,0,0,0,0,0,0,0,0,0,0,0,0,0,0,0,0,2,2,2,2,2,2,9,9,9,9,9,9,31,31,31,31,31,31,54,54,54,54,54,54,68,68,68,68,68,68,70,70,70,70,70,70,64],"cloud_cover":[100,100,100,50,100,100,100,87,98,91,100,100,95,95,96,100,100,100,100,77,100,100,100,100,100,100,100,100,100,100,100,100,100,100,100,100,100,3,4,3,3,33,100,100,100,100,100,100,100,100,100,100,69,100,100,49,100,100,100,14,13,12,11,14,41,18,7,0,5,0,6,5,11,0,0,0,0,0,0,0,0,0,0,0,0,0,0,0,0,0,0,0,0,0,0,0,0,0,0,0,0,20,77,100,71,23,30,80,100,71,13,6,10,5,0,0,5,0,0,0,0,0,5,6,6,6,6,6,25,45,64,62,60,58,62,65,69,79,90,100,100,100,100,100,100,100,100,100,100,100,100,100,100,100,100,100,100,100,100,100,100,100,100,100,93,86,79,80],"wind_speed_10m":[8.3,6.6,8.1,5.4,3.2,5.3,4.4,2.4,4.5,4.6,2.8,0.5,2.4,1.6,2.9,4.7,1.4,4.1,4.7,5.0,4.0,2.6,2.4,1.8,3.2,4.0,3.0,1.4,3.4,4.0,2.9,5.2,5.7,10.3,5.7,10.5,14.9,19.1,20.8,23.2,22.3,18.6,17.2,16.5,14.1,18.8,16.2,13.6,15.0,14.6,20.0,18.4,18.2,13.2,9.2,10.6,9.6,15.6,8.8,14.1,15.2,16.1,17.4,17.8,16.8,13.8,9.0,6.1,4.5,4.1,2.9,2.2,2.7,2.5,4.1,4.9,4.6,3.1,2.8,3.6,3.4,4.7,4.1,4.3,5.5,7.2,8.3,9.1,9.7,9.6,9.6,7.7,7.1,5.3,4.4,2.9,1.4,2.7,3.4,3.7,2.5,2.7,4.5,4.7,4.7,5.2,4.5,3.6,1.5,1.6,3.1,5.1,5.9,5.7,4.0,2.6,1.9,1.3,1.1,1.8,1.7,2.6,3.4,3.1,3.4,3.6,4.1,4.0,3.8,3.2,2.2,3.3,7.2,10.5,11.7,11.7,11.5,10.6,9.6,8.3,6.8,5.1,3.5,2.4,1.8,2.2,2.8,3.4,4.3,5.8,7.0,7.9,7.4,7.0,7.4,7.6,8.6,10.3,11.6,12.5,12.8,12.1,10.5,9.1,7.8,6.5,5.5,4.6]}}
Raw API Response: {"latitude":37.826817,"longitude":-122.50607,"generationtime_ms":0.07939338684082031,"utc_offset_seconds":-28800,"timezone":"America/Los_Angeles","timezone_abbreviation":"GMT-8","elevation":0.0,"hourly_units":{"time":"iso8601","temperature_2m":"°F","precipitation_probability":"%","cloud_cover":"%","wind_speed_10m":"mp/h"},"hourly":{"time":["2025-03-04T00:00","2025-03-04T01:00","2025-03-04T02:00","2025-03-04T03:00","2025-03-04T04:00","2025-03-04T05:00","2025-03-04T06:00","2025-03-04T07:00","2025-03-04T08:00","2025-03-04T09:00","2025-03-04T10:00","2025-03-04T11:00","2025-03-04T12:00","2025-03-04T13:00","2025-03-04T14:00","2025-03-04T15:00","2025-03-04T16:00","2025-03-04T17:00","2025-03-04T18:00","2025-03-04T19:00","2025-03-04T20:00","2025-03-04T21:00","2025-03-04T22:00","2025-03-04T23:00","2025-03-05T00:00","2025-03-05T01:00","2025-03-05T02:00","2025-03-05T03:00","2025-03-05T04:00","2025-03-05T05:00","2025-03-05T06:00","2025-03-05T07:00","2025-03-05T08:00","2025-03-05T09:00","2025-03-05T10:00","2025-03-05T11:00","2025-03-05T12:00","2025-03-05T13:00","2025-03-05T14:00","2025-03-05T15:00","2025-03-05T16:00","2025-03-05T17:00","2025-03-05T18:00","2025-03-05T19:00","2025-03-05T20:00","2025-03-05T21:00","2025-03-05T22:00","2025-03-05T23:00","2025-03-06T00:00","2025-03-06T01:00","2025-03-06T02:00","2025-03-06T03:00","2025-03-06T04:00","2025-03-06T05:00","2025-03-06T06:00","2025-03-06T07:00","2025-03-06T08:00","2025-03-06T09:00","2025-03-06T10:00","2025-03-06T11:00","2025-03-06T12:00","2025-03-06T13:00","2025-03-06T14:00","2025-03-06T15:00","2025-03-06T16:00","2025-03-06T17:00","2025-03-06T18:00","2025-03-06T19:00","2025-03-06T20:00","2025-03-06T21:00","2025-03-06T22:00","2025-03-06T23:00","2025-03-07T00:00","2025-03-07T01:00","2025-03-07T02:00","2025-03-07T03:00","2025-03-07T04:00","2025-03-07T05:00","2025-03-07T06:00","2025-03-07T07:00","2025-03-07T08:00","2025-03-07T09:00","2025-03-07T10:00","2025-03-07T11:00","2025-03-07T12:00","2025-03-07T13:00","2025-03-07T14:00","2025-03-07T15:00","2025-03-07T16:00","2025-03-07T17:00","2025-03-07T18:00","2025-03-07T19:00","2025-03-07T20:00","2025-03-07T21:00","2025-03-07T22:00","2025-03-07T23:00","2025-03-08T00:00","2025-03-08T01:00","2025-03-08T02:00","2025-03-08T03:00","2025-03-08T04:00","2025-03-08T05:00","2025-03-08T06:00","2025-03-08T07:00","2025-03-08T08:00","2025-03-08T09:00","2025-03-08T10:00","2025-03-08T11:00","2025-03-08T12:00","2025-03-08T13:00","2025-03-08T14:00","2025-03-08T15:00","2025-03-08T16:00","2025-03-08T17:00","2025-03-08T18:00","2025-03-08T19:00","2025-03-08T20:00","2025-03-08T21:00","2025-03-08T22:00","2025-03-08T23:00","2025-03-09T00:00","2025-03-09T01:00","2025-03-09T02:00","2025-03-09T03:00","2025-03-09T04:00","2025-03-09T05:00","2025-03-09T06:00","2025-03-09T07:00","2025-03-09T08:00","2025-03-09T09:00","2025-03-09T10:00","2025-03-09T11:00","2025-03-09T12:00","2025-03-09T13:00","2025-03-09T14:00","2025-03-09T15:00","2025-03-09T16:00","2025-03-09T17:00","2025-03-09T18:00","2025-03-09T19:00","2025-03-09T20:00","2025-03-09T21:00","2025-03-09T22:00","2025-03-09T23:00","2025-03-10T00:00","2025-03-10T01:00","2025-03-10T02:00","2025-03-10T03:00","2025-03-10T04:00","2025-03-10T05:00","2025-03-10T06:00","2025-03-10T07:00","2025-03-10T08:00","2025-03-10T09:00","2025-03-10T10:00","2025-03-10T11:00","2025-03-10T12:00","2025-03-10T13:00","2025-03-10T14:00","2025-03-10T15:00","2025-03-10T16:00","2025-03-10T17:00","2025-03-10T18:00","2025-03-10T19:00","2025-03-10T20:00","2025-03-10T21:00","2025-03-10T22:00","2025-03-10T23:00"],"temperature_2m":[49.2,47.9,48.2,48.4,47.8,48.1,49.7,48.5,49.7,52.1,52.2,53.2,54.2,55.1,55.5,56.1,56.1,54.7,52.4,50.9,50.8,50.7,50.2,50.7,51.0,51.2,50.9,50.7,50.3,50.4,49.6,50.3,51.1,51.4,51.9,51.9,53.0,53.6,53.0,52.2,51.5,50.7,47.5,47.4,47.4,45.7,44.6,45.6,45.1,44.7,44.4,44.4,44.1,43.5,43.5,44.1,46.9,45.8,48.3,52.5,53.0,53.4,53.8,53.4,52.7,52.1,51.2,51.2,50.7,50.0,49.1,48.6,48.2,47.8,47.4,46.9,46.2,45.7,45.1,45.1,47.3,50.0,52.5,54.8,56.6,57.9,57.9,56.8,55.2,53.4,52.0,51.4,50.9,50.7,50.2,49.7,49.3,48.8,48.4,47.9,47.6,47.3,46.7,46.9,49.4,52.5,55.2,58.3,61.1,63.1,64.2,63.8,62.8,61.3,58.6,56.9,55.9,55.2,54.4,53.6,52.9,52.2,51.6,51.1,50.5,49.7,49.0,49.3,51.3,54.5,57.5,60.4,63.2,64.9,64.8,63.7,62.3,60.9,59.2,57.7,56.6,55.7,55.0,54.3,53.8,53.2,52.8,52.3,52.0,51.7,51.5,51.1,50.2,49.2,48.5,48.7,49.4,50.1,50.6,51.1,51.4,51.3,51.0,50.5,50.0,49.3,48.7,48.3],"precipitation_probability":[0,1,1,1,1,1,1,2,3,6,5,6,3,2,1,1,0,0,0,0,0,0,1,2,3,4,6,7,15,33,30,17,18,19,18,14,9,6,3,2,2,3,7,11,15,17,7,7,6,6,59,59,59,46,46,46,46,46,46,40,40,40,40,40,40,12,12,12,12,12,12,1,1,1,1,1,1,0,0,0,0,0,0,0,0,0,0,0,0,0,0,0,0,0,0,0,0,0,0,0,0,0,0,0,0,0,0,0,0,0,0,0,0,0,0,0,0,0,0,0,0,0,0,0,0,0,0,0,0,0,0,2,2,2,2,2,2,9,9,9,9,9,9,31,31,31,31,31,31,54,54,54,54,54,54,68,68,68,68,68,68,70,70,70,70,70,70,64],"cloud_cover":[100,100,100,50,100,100,100,87,98,91,100,100,95,95,96,100,100,100,100,77,100,100,100,100,100,100,100,100,100,100,100,100,100,100,100,100,100,3,4,3,3,33,100,100,100,100,100,100,100,100,100,100,69,100,100,49,100,100,100,14,13,12,11,14,41,18,7,0,5,0,6,5,11,0,0,0,0,0,0,0,0,0,0,0,0,0,0,0,0,0,0,0,0,0,0,0,0,0,0,0,0,20,77,100,71,23,30,80,100,71,13,6,10,5,0,0,5,0,0,0,0,0,5,6,6,6,6,6,25,45,64,62,60,58,62,65,69,79,90,100,100,100,100,100,100,100,100,100,100,100,100,100,100,100,100,100,100,100,100,100,100,100,100,100,93,86,79,80],"wind_speed_10m":[8.3,6.6,8.1,5.4,3.2,5.3,4.4,2.4,4.5,4.6,2.8,0.5,2.4,1.6,2.9,4.7,1.4,4.1,4.7,5.0,4.0,2.6,2.4,1.8,3.2,4.0,3.0,1.4,3.4,4.0,2.9,5.2,5.7,10.3,5.7,10.5,14.9,19.1,20.8,23.2,22.3,18.6,17.2,16.5,14.1,18.8,16.2,13.6,15.0,14.6,20.0,18.4,18.2,13.2,9.2,10.6,9.6,15.6,8.8,14.1,15.2,16.1,17.4,17.8,16.8,13.8,9.0,6.1,4.5,4.1,2.9,2.2,2.7,2.5,4.1,4.9,4.6,3.1,2.8,3.6,3.4,4.7,4.1,4.3,5.5,7.2,8.3,9.1,9.7,9.6,9.6,7.7,7.1,5.3,4.4,2.9,1.4,2.7,3.4,3.7,2.5,2.7,4.5,4.7,4.7,5.2,4.5,3.6,1.5,1.6,3.1,5.1,5.9,5.7,4.0,2.6,1.9,1.3,1.1,1.8,1.7,2.6,3.4,3.1,3.4,3.6,4.1,4.0,3.8,3.2,2.2,3.3,7.2,10.5,11.7,11.7,11.5,10.6,9.6,8.3,6.8,5.1,3.5,2.4,1.8,2.2,2.8,3.4,4.3,5.8,7.0,7.9,7.4,7.0,7.4,7.6,8.6,10.3,11.6,12.5,12.8,12.1,10.5,9.1,7.8,6.5,5.5,4.6]}}
Error fetching weather data: dataCorrupted(Swift.DecodingError.Context(codingPath: [CodingKeys(stringValue: "hourly", intValue: nil), CodingKeys(stringValue: "time", intValue: nil), _CodingKey(stringValue: "Index 122", intValue: 122)], debugDescription: "Invalid date format: 2025-03-09T02:00", underlyingError: nil))
Error loading data: dataCorrupted(Swift.DecodingError.Context(codingPath: [CodingKeys(stringValue: "hourly", intValue: nil), CodingKeys(stringValue: "time", intValue: nil), _CodingKey(stringValue: "Index 122", intValue: 122)], debugDescription: "Invalid date format: 2025-03-09T02:00", underlyingError: nil))
Error loading data: dataCorrupted(Swift.DecodingError.Context(codingPath: [CodingKeys(stringValue: "hourly", intValue: nil), CodingKeys(stringValue: "time", intValue: nil), _CodingKey(stringValue: "Index 122", intValue: 122)], debugDescription: "Invalid date format: 2025-03-09T02:00", underlyingError: nil))
Error loading data: dataCorrupted(Swift.DecodingError.Context(codingPath: [CodingKeys(stringValue: "hourly", intValue: nil), CodingKeys(stringValue: "time", intValue: nil), _CodingKey(stringValue: "Index 122", intValue: 122)], debugDescription: "Invalid date format: 2025-03-09T02:00", underlyingError: nil))
Error fetching weather data: Error Domain=NSURLErrorDomain Code=-999 "cancelled" UserInfo={NSErrorFailingURLStringKey=https://api.open-meteo.com/v1/forecast?latitude=37.8199&longitude=-122.4783&hourly=temperature_2m,precipitation_probability,cloud_cover,wind_speed_10m&temperature_unit=fahrenheit&wind_speed_unit=mph&timezone=America%2FLos_Angeles, NSErrorFailingURLKey=https://api.open-meteo.com/v1/forecast?latitude=37.8199&longitude=-122.4783&hourly=temperature_2m,precipitation_probability,cloud_cover,wind_speed_10m&temperature_unit=fahrenheit&wind_speed_unit=mph&timezone=America%2FLos_Angeles, _NSURLErrorRelatedURLSessionTaskErrorKey=(
    "LocalDataTask <BA763896-3D14-4B2D-B7E4-61A03FE832EF>.<8>"
), _NSURLErrorFailingURLSessionTaskErrorKey=LocalDataTask <BA763896-3D14-4B2D-B7E4-61A03FE832EF>.<8>, NSLocalizedDescription=cancelled}
Error fetching sunset time: Error Domain=NSURLErrorDomain Code=-999 "cancelled" UserInfo={NSErrorFailingURLStringKey=https://api.sunrise-sunset.org/json?lat=37.8199&lng=-122.4783&formatted=0, NSErrorFailingURLKey=https://api.sunrise-sunset.org/json?lat=37.8199&lng=-122.4783&formatted=0, _NSURLErrorRelatedURLSessionTaskErrorKey=(
    "LocalDataTask <2FADAC3F-4F5F-40BF-A06A-FBE722FD09A5>.<9>"
), _NSURLErrorFailingURLSessionTaskErrorKey=LocalDataTask <2FADAC3F-4F5F-40BF-A06A-FBE722FD09A5>.<9>, NSLocalizedDescription=cancelled}